> Python by 유종원
> 수정 및 배포, 상업적 사용을 금지합니다.

<!-- @import "[TOC]" {cmd="toc" depthFrom=1 depthTo=6 orderedList=false} -->

<!-- code_chunk_output -->

- [배열 사용법](#배열-사용법)
    - [배열을 만드는 방법](#배열을-만드는-방법)
    - [배열의 값을 읽는 방법](#배열의-값을-읽는-방법)
    - [배열에 값을 저장하는 방법](#배열에-값을-저장하는-방법)
    - [값이 배열인 배열](#값이-배열인-배열)
    - [배열의 배열을 만드는 방법](#배열의-배열을-만드는-방법)
    - [배열의 배열의 값을 읽는 방법](#배열의-배열의-값을-읽는-방법)
    - [배열의 배열에 값을 저장하는 방법](#배열의-배열에-값을-저장하는-방법)
    - [배열을 편리하게 만드는 방법](#배열을-편리하게-만드는-방법)
    - [배열의 배열을 편리하게 만드는 방법](#배열의-배열을-편리하게-만드는-방법)
- [배열을 사용하는 프로그램 만들기](#배열을-사용하는-프로그램-만들기)
    - [템플릿 프로그램](#템플릿-프로그램)
    - [00번 프로그램 만들기](#00번-프로그램-만들기)
    - [01번 프로그램 만들기](#01번-프로그램-만들기)
    - [02번 프로그램 만들기](#02번-프로그램-만들기)
    - [03번 프로그램 만들기](#03번-프로그램-만들기)
    - [04번 프로그램 만들기](#04번-프로그램-만들기)
    - [05번 프로그램 만들기](#05번-프로그램-만들기)
    - [06번 프로그램 만들기](#06번-프로그램-만들기)
    - [07번 프로그램 만들기](#07번-프로그램-만들기)
    - [08번 프로그램 만들기](#08번-프로그램-만들기)
    - [09번 프로그램 만들기](#09번-프로그램-만들기)
    - [10번 프로그램 만들기](#10번-프로그램-만들기)
    - [11번 프로그램 만들기](#11번-프로그램-만들기)
    - [12번 프로그램 만들기](#12번-프로그램-만들기)
    - [13번 프로그램 만들기](#13번-프로그램-만들기)
    - [14번 프로그램 만들기](#14번-프로그램-만들기)
    - [15번 프로그램 만들기](#15번-프로그램-만들기)
    - [16번 프로그램 만들기](#16번-프로그램-만들기)
    - [17번 프로그램 만들기](#17번-프로그램-만들기)
    - [18번 프로그램 만들기](#18번-프로그램-만들기)
    - [19번 프로그램 만들기](#19번-프로그램-만들기)
    - [20번 프로그램 만들기](#20번-프로그램-만들기)
    - [21번 프로그램 만들기](#21번-프로그램-만들기)
    - [22번 프로그램 만들기](#22번-프로그램-만들기)
    - [23번 프로그램 만들기](#23번-프로그램-만들기)
    - [24번 프로그램 만들기](#24번-프로그램-만들기)
    - [25번 프로그램 만들기](#25번-프로그램-만들기)
    - [26번 프로그램 만들기](#26번-프로그램-만들기)
    - [27번 프로그램 만들기](#27번-프로그램-만들기)
    - [28번 프로그램 만들기](#28번-프로그램-만들기)
    - [29번 프로그램 만들기](#29번-프로그램-만들기)
    - [30번 프로그램 만들기](#30번-프로그램-만들기)
    - [31번 프로그램 만들기](#31번-프로그램-만들기)
    - [32번 프로그램 만들기](#32번-프로그램-만들기)

<!-- /code_chunk_output -->

# 배열 사용법
배열은 여러개의 숫자를 한꺼번에 관리할 수 있는 값의 종류다. 숫자 `1`이나 `2`와 같은 값의 종류 중 하나라는 말이다.

예를 들어 다음과 같이, 값이 숫자 `1`인 변수를 만들고,
```py
i = 1 # 값이 1인 변수 i 생성한다.
```
다음과 같이 저장된 숫자를 `2`로 바꾸면,
```py
i = 2 # 변수 i에 숫자 2를 저장한다.
```
원래 보관하고 있던 숫자 `1`은 없어진다. 값이 숫자인 변수는 한번에 두 개 이상의 숫자를 보관할 수 없다.

하지만 배열은 위와 같은 상황에서 숫자 `1`과 `2`를 동시에 보관할 수 있다.

### 배열을 만드는 방법
배열은 다음과 같이 만든다, `[0, 0]` 코드를 숫자 대신 사용한다. `[]`안에 `,`로 구분된 숫자의 개수만큼 숫자를 보관할 수 있다. 여기서는 두 개이므로 동시에 숫자 두 개를 보관할 수 있는 배열을 만들었다.
```py
a = [0, 0]    # a라는 이름의 변수와 두 칸 짜리 배열을 만들고, 배열을 변수에 저장한다.
```
세 칸 짜리 배열은 다음과 같이 만들 수 있다.
```py
a = [0, 0, 0] # a라는 이름의 변수와 세 칸 짜리 배열을 만들고, 배열을 변수에 저장한다.
```

### 배열의 값을 읽는 방법
배열이 저장된 변수 이름과 대괄호(`[]`)안의 칸 번호를 사용해서 배열에 저장된 값을 읽을 수 있다. `[]`안의 숫자를 인덱스라 한다. 인덱스는 항상 숫자 `0`부터 시작하는 배열의 칸 번호다. 한 번에 하나의 칸의 숫자만 읽을 수 있다.
```py
print(a[0]) # 배열의 첫 번째 칸에 저장된 값을 화면에 출력한다.
print(a[1]) # 배열의 두 번째 칸에 저장된 값을 화면에 출력한다.
```
실행하면 다음과 같이 출력된다.
```
0
0

```

> 배열의 인덱스로 사용할 수 있는 수는 `0`부터 `배열의 크기 - 1`까지다. 예를 들어 한 칸짜리 배열의 인덱스는 `0` 하나고, 두 칸짜리 배열의 인덱스는 `0`과 `1`이고, 세 칸짜리 배열의 인덱스는 `0`, `1`, `2`가 된다.

### 배열에 값을 저장하는 방법
배열의 값을 읽을 때와 마찬가지로, 배열이 저장된 변수 이름과 대괄호(`[]`)안에 칸 번호를 사용해서 배열에 값을 저장할 수 있다.
```py
a[0] = 1    # [1, 0], 배열의 첫 번째 칸의 값을 1로 바꾼다.
```
두 번째 칸에 값을 저장하는 방법은 다음과 같다.
```py
a[1] = 2    # [1, 2], 배열의 두 번째 칸의 값을 2로 바꾼다.
```
이후, 다시 배열의 값을 읽는 코드를 실행하면 다음과 같다.
```py
print(a[0]) # 배열의 첫 번째 칸에 저장된 값을 화면에 출력한다.
print(a[1]) # 배열의 두 번째 칸의 저장된 값을 화면에 출력한다.
```
```
1
2

```

### 값이 배열인 배열
앞서 알아본 배열은 보관하는 값이 숫자인 배열이었다. 이번에는 보관하는 값이 배열인 배열을 알아보자.

### 배열의 배열을 만드는 방법
값이 배열인 배열을 만드는 방법은 기존과 크게 다르지 않다. `[]`를 하나 더 사용해서 만든다. 다음 코드는 2칸 짜리 배열 두 개를 값으로 가지는 2칸 짜리 배열을 만들어 `aa`라는 이름의 변수에 저장한다.
```py
a = [[0, 0], [0, 0]] # 2칸 짜리 배열 두 개를 값으로 가지는 2칸 짜리 배열을 만든다.
```

### 배열의 배열의 값을 읽는 방법
배열의 배열을 만들때와 마찬가지로, 배열의 배열의 값을 읽을 때도 `[]`를 하나 더 사용한다. 배열의 값이 배열이므로 `[][]`를 사용하는 것은 자연스럽다. 다음 코드를 보자.
```py
print(a[0][0]) # 배열의 첫 번째 칸의 첫 번째 칸의 값을 화면에 출력한다.
print(a[0][1]) # 배열의 첫 번째 칸의 두 번째 칸의 값을 화면에 출력한다.
print(a[1][0]) # 배열의 두 번째 칸의 첫 번째 칸의 값을 화면에 출력한다.
print(a[1][1]) # 배열의 두 번째 칸의 두 번째 칸의 값을 화면에 출력한다.
```
실행하면 다음과 같이 출력된다. 아직 아무값도 넣지 모두 숫자 `0`이 출력된다.
```py
0
0
0
0

```

### 배열의 배열에 값을 저장하는 방법
배열의 배열에 값을 저장하는 방법 또한 마찬가지다. `[]`를 하나 더 사용한다.
다음 코드는 배열의 첫 번째 칸의 첫 번째 칸에 숫자 `1`을 저장한다.
```py
a[0][0] = 1  # 배열의 첫 번째 칸의 첫 번째 칸의 값을 1로 변경한다.
```
다음 코드는 배열의 첫 번째 칸의 두 번째 칸에 숫자 `2`를 저장한다.
```py
a[0][1] = 2  # 배열의 첫 번째 칸의 첫 번째 칸의 값을 1로 변경한다.
```
다음 코드는 배열의 두 번째 칸의 첫 번째 칸에 숫자 `3`을 저장한다.
```py
a[1][0] = 3  # 배열의 두 번째 칸의 첫 번째 칸의 값을 3으로 변경한다.
```
다음 코드는 배열의 두 번째 칸의 두 번째 칸의 값을 `4`로 변경한다.
```py
a[1][1] = 4  # 배열의 두 번째 칸의 두 번째 칸의 값을 4로 변경한다.
```
이후, 다시 배열의 값을 읽는 코드를 실행하면 다음과 같다.
```py
print(a[0][0]) # 배열의 첫 번째 칸의 첫 번째 칸의 값을 화면에 출력한다.
print(a[0][1]) # 배열의 첫 번째 칸의 두 번째 칸의 값을 화면에 출력한다.
print(a[1][0]) # 배열의 두 번째 칸의 첫 번째 칸의 값을 화면에 출력한다.
print(a[1][1]) # 배열의 두 번째 칸의 두 번째 칸의 값을 화면에 출력한다.
```
```py
1
2
3
4

```

### 배열을 편리하게 만드는 방법
열 칸짜리 배열은 다음과 같이 만들 수 있다.
```py
a = [0, 0, 0, 0, 0, 0, 0, 0, 0, 0]
```
그런데 배열의 길이를 조정하거나 큰 배열을 만들 때에는 영 불편하다.
다음과 같이 코드를 작성해 동일한 배열을 만들 수 있다.
```py
a = [0 for _ in range(10)]  # [0, 0, 0, 0, 0, 0, 0, 0, 0, 0]
```
위와 같이 하면 `range()` 안의 숫자로 배열의 크기를 지정할 수 있다. `리스트 컴프리헨션`이라는 기능이다.

### 배열의 배열을 편리하게 만드는 방법
세 개의 세 칸짜리 배열을 가지는 배열은 다음과 같이 만들 수 있다.
```py
a = [[0, 0, 0], [0, 0, 0], [0, 0, 0]]
```
이렇게 하면 영 불편하니 마찬가지로, 다음과 같이 코드를 작성해 동일한 배열을 만들 수 있다.
```py
a = [[0 for _ in range(3)] for _ in range(3)]  # [[0, 0, 0], [0, 0, 0], [0, 0, 0]]
```

# 배열을 사용하는 프로그램 만들기
* 사용할 수 있는 숫자와 변수는 다음과 같다.
  * 숫자 `0` `1` `2`
  * 변수 `n` `i` `j` `k`

### 템플릿 프로그램
```py
# program105_00.py
n = 5
k = 1
a = [[0 for _ in range(n)] for _ in range(n)]

a[0][0] = k
k = k + 1

for i in range(n):
  for j in range(n):
    print(f'{a[i][j]:3}', end='')
  print()
```
* 실행 결과
```
  1  0  0  0  0
  0  0  0  0  0
  0  0  0  0  0
  0  0  0  0  0
  0  0  0  0  0
```

### 00번 프로그램 만들기
n = 5 일 때의 출력 결과
```
  1  2  3  4  5
  0  0  0  0  0
  0  0  0  0  0
  0  0  0  0  0
  0  0  0  0  0
```

### 01번 프로그램 만들기
n = 5 일 때의 출력 결과
```
  1  0  0  0  0
  2  0  0  0  0
  3  0  0  0  0
  4  0  0  0  0
  5  0  0  0  0
```

### 02번 프로그램 만들기
n = 5 일 때의 출력 결과
```
  0  0  0  0  0
  0  0  0  0  0
  0  0  0  0  0
  0  0  0  0  0
  1  2  3  4  5
```

### 03번 프로그램 만들기
n = 5 일 때의 출력 결과
```
  0  0  0  0  1
  0  0  0  0  2
  0  0  0  0  3
  0  0  0  0  4
  0  0  0  0  5
```

### 04번 프로그램 만들기
n = 5 일 때의 출력 결과
```
  1  0  0  0  0
  0  2  0  0  0
  0  0  3  0  0
  0  0  0  4  0
  0  0  0  0  5
```

### 05번 프로그램 만들기
n = 5 일 때의 출력 결과
```
  0  0  0  0  1
  0  0  0  2  0
  0  0  3  0  0
  0  4  0  0  0
  5  0  0  0  0
```

### 06번 프로그램 만들기
n = 5 일 때의 출력 결과
```
  5  4  3  2  1
  0  0  0  0  0
  0  0  0  0  0
  0  0  0  0  0
  0  0  0  0  0
```

### 07번 프로그램 만들기
n = 5 일 때의 출력 결과
```
  5  0  0  0  0
  4  0  0  0  0
  3  0  0  0  0
  2  0  0  0  0
  1  0  0  0  0
```

### 08번 프로그램 만들기
n = 5 일 때의 출력 결과
```
  0  0  0  0  0
  0  0  0  0  0
  0  0  0  0  0
  0  0  0  0  0
  5  4  3  2  1
```

### 09번 프로그램 만들기
n = 5 일 때의 출력 결과
```
  0  0  0  0  5
  0  0  0  0  4
  0  0  0  0  3
  0  0  0  0  2
  0  0  0  0  1
```

### 10번 프로그램 만들기
n = 5 일 때의 출력 결과
```
  5  0  0  0  0
  0  4  0  0  0
  0  0  3  0  0
  0  0  0  2  0
  0  0  0  0  1
```

### 11번 프로그램 만들기
n = 5 일 때의 출력 결과
```
  0  0  0  0  5
  0  0  0  4  0
  0  0  3  0  0
  0  2  0  0  0
  1  0  0  0  0
```

### 12번 프로그램 만들기
n = 5 일 때의 출력 결과
```
  1  2  3  4  5
  6  7  8  9 10
 11 12 13 14 15
 16 17 18 19 20
 21 22 23 24 25
```

### 13번 프로그램 만들기
n = 5 일 때의 출력 결과
```
  1  6 11 16 21
  2  7 12 17 22
  3  8 13 18 23
  4  9 14 19 24
  5 10 15 20 25
```

### 14번 프로그램 만들기
n = 5 일 때의 출력 결과
```
 21 22 23 24 25
 16 17 18 19 20
 11 12 13 14 15
  6  7  8  9 10
  1  2  3  4  5
```

### 15번 프로그램 만들기
n = 5 일 때의 출력 결과
```
  5  4  3  2  1
 10  9  8  7  6
 15 14 13 12 11
 20 19 18 17 16
 25 24 23 22 21
```

### 16번 프로그램 만들기
n = 5 일 때의 출력 결과
```
 25 24 23 22 21
 20 19 18 17 16
 15 14 13 12 11
 10  9  8  7  6
  5  4  3  2  1
```

### 17번 프로그램 만들기
n = 5 일 때의 출력 결과
```
 25 20 15 10  5
 24 19 14  9  4
 23 18 13  8  3
 22 17 12  7  2
 21 16 11  6  1
```

### 18번 프로그램 만들기
n = 5 일 때의 출력 결과
```
  5 10 15 20 25
  4  9 14 19 24
  3  8 13 18 23
  2  7 12 17 22
  1  6 11 16 21
```

### 19번 프로그램 만들기
n = 5 일 때의 출력 결과
```
 21 16 11  6  1
 22 17 12  7  2
 23 18 13  8  3
 24 19 14  9  4
 25 20 15 10  5
```

### 20번 프로그램 만들기
n = 5 일 때의 출력 결과 (가장 바깥쪽 테두리, 숫자 네 개씩 별도로)
```
  1  2  3  4  5
 16  0  0  0  6
 15  0  0  0  7
 14  0  0  0  8
 13 12 11 10  9
```

### 21번 프로그램 만들기
n = 5 일 때의 출력 결과 (바깥에서 두 번째 테두리, 숫자 두 개씩 별도로)
```
  0  0  0  0  0
  0  1  2  3  0
  0  8  0  4  0
  0  7  6  5  0
  0  0  0  0  0
```

### 22번 프로그램 만들기
n = 5 일 때의 출력 결과 (20번 ~ 21번 응용, 가운데 별도로)
```
  1  2  3  4  5
 16 17 18 19  6
 15 24 25 20  7
 14 23 22 21  8
 13 12 11 10  9
```

### 23번 프로그램 만들기
n = 5 일 때의 출력 결과
```
  1  3  6 10 15
  2  5  9 14  0
  4  8 13  0  0
  7 12  0  0  0
 11  0  0  0  0
```

### 24번 프로그램 만들기
n = 5 일 때의 출력 결과
```
  0  0  0  0  5
  0  0  0  4  9
  0  0  3  8 12
  0  2  7 11 14
  1  6 10 13 15
```

### 25번 프로그램 만들기
n = 5 일 때의 출력 결과
```
  1  3  6 10 15
  2  5  9 14 19
  4  8 13 18 22
  7 12 17 21 24
 11 16 20 23 25
```

### 26번 프로그램 만들기
n = 5 일 때의 출력 결과
```
  1  2  4  7 11
  3  5  8 12 16
  6  9 13 17 20
 10 14 18 21 23
 15 19 22 24 25
```

### 27번 프로그램 만들기
n = 5 일 때의 출력 결과
```
 11 16 20 23 25
  7 12 17 21 24
  4  8 13 18 22
  2  5  9 14 19
  1  3  6 10 15
```

### 28번 프로그램 만들기
n = 5 일 때의 출력 결과
```
 15 19 22 24 25
 10 14 18 21 23
  6  9 13 17 20
  3  5  8 12 16
  1  2  4  7 11
```

### 29번 프로그램 만들기
n = 5 일 때의 출력 결과
```
 11  7  4  2  1
 16 12  8  5  3
 20 17 13  9  6
 23 21 18 14 10
 25 24 22 19 15
```

### 30번 프로그램 만들기
n = 5 일 때의 출력 결과
```
 15 10  6  3  1
 19 14  9  5  2
 22 18 13  8  4
 24 21 17 12  7
 25 23 20 16 11
```

### 31번 프로그램 만들기
n = 5 일 때의 출력 결과
```
 25 23 20 16 11
 24 21 17 12  7
 22 18 13  8  4
 19 14  9  5  2
 15 10  6  3  1
```

### 32번 프로그램 만들기
n = 5 일 때의 출력 결과
```
 25 24 22 19 15
 23 21 18 14 10
 20 17 13  9  6
 16 12  8  5  3
 11  7  4  2  1
```
